%% NAVIGATION

% Gravity (Somigliana Model Coefficients)
somigliana_coeff_a1 = 9.7803267714 ;
somigliana_coeff_a2 = 0.0052790414 ;
somigliana_coeff_a3 = 0.0000232718 ;
somigliana_coeff_a4 = -0.0000030876910891 ;
somigliana_coeff_a5 = 0.0000000043977311 ;
somigliana_coeff_a6 = 0.0000000000007211 ;
