%% AERODYNAMICS

% --------- CD ---------
aero_CD0 = 0.016 ;
aero_lt_alpha_for_CD = [ -0.0873 -0.0698 -0.0524 -0.0349 -0.0175 0 0.0175 0.0349 0.0524 0.0698 0.0873 0.1047 0.1222 0.1396 0.1571 0.1745 0.1920 0.2094 0.2269 0.2443 0.2618 0.2793 0.2967 0.3142 0.3316 0.3491] ;
aero_lt_flap_for_CD = [0.0000	1.0000	25.0000	40.0000]*pi/180 ;

aero_lt_alpha_flap_CD = [...
    0.0041	0.0000	0.0005	0.0014 ;
    0.0013	0.0004	0.0025	0.0041 ;
    0.0001	0.0023	0.0059	0.0084 ;
    0.0003	0.0057	0.0108	0.0141 ;
    0.0020	0.0105	0.0172	0.0212 ;
    0.0052	0.0168	0.0251	0.0399 ;
    0.0099	0.0248	0.0346	0.0502 ;
    0.0162	0.0342	0.0457	0.0621 ;
    0.0240	0.0452	0.0583	0.0755 ;
    0.0334	0.0577	0.0724	0.0904 ;
    0.0442	0.0718	0.0881	0.1068 ;
    0.0566	0.0874	0.1053	0.1248 ;
    0.0706	0.1045	0.1240	0.1443 ;
    0.0860	0.1232	0.1442	0.1654 ;
    0.0962	0.1353	0.1573	0.1790 ;
    0.1069	0.1479	0.1708	0.1930 ;
    0.1180	0.1610	0.1849	0.2075 ;
    0.1298	0.1746	0.1995	0.2226 ;
    0.1424	0.1892	0.2151	0.2386 ;
    0.1565	0.2054	0.2323	0.2564 ;
    0.1727	0.2240	0.2521	0.2767 ;
    0.1782	0.2302	0.2587	0.2835 ;
    0.1716	0.2227	0.2507	0.2753 ;
    0.1618	0.2115	0.2388	0.2631 ;
    0.1475	0.1951	0.2214	0.2451 ;
    0.1097	0.1512	0.1744	0.1966 ;
    ] ;

aero_CD_del_e = 0.05 ;
aero_CD_beta = 0.2 ;


% --------- CY ---------
aero_lt_beta_for_CY = [-0.35 0 0.35] ;
aero_lt_beta_CY = [0.5 0 -0.5] ;

% --------- CL ---------
aero_lt_alpha_for_CL = [-0.09 0 0.09 0.1 0.12 0.14 0.16 0.17 0.19 0.21 0.24 0.26 0.28 0.3 0.32 0.34 0.36] ;
aero_lt_flap_for_CL = [0 1 9 10 40]*pi/180 ;

aero_lt_alpha_flap_CL = [...
    -0.2200	-0.2200	-0.1200	-0.1200	0.3200 ;
    0.2500	0.2500	0.3500	0.3500	0.7500 ;
    0.7300	0.7300	0.8300	0.8300	1.2300 ;
    0.8300	0.8300	0.9300	0.9300	1.3300 ;
    0.9200	0.9200	1.0200	1.0200	1.4200 ;
    1.0200	1.0200	1.1200	1.1200	1.5200 ;
    1.0800	1.0800	1.1800	1.1800	1.5800 ;
    1.1300	1.1300	1.2300	1.2300	1.6300 ;
    1.1900	1.1900	1.2900	1.2900	1.6900 ;
    1.2500	1.2500	1.3500	1.3500	1.7700 ;
    1.3500	1.3700	1.4700	1.4800	1.9300 ;
    1.4400	1.4700	1.5700	1.6200	2.1200 ;
    1.4700	1.5100	1.6100	1.7800	2.4000 ;
    1.5000	1.5600	1.6600	1.9000	2.3000 ;
    1.4700	1.6100	1.6000	1.7000	2.0300 ;
    1.4700	1.6100	1.6000	1.7000	2.0300 ;
    1.1500	1.2000	1.2000	1.2000	1.2000 ;
    ] ;

aero_CL_del_e = 0.1930 ;


% --------- Cl ---------

aero_lt_beta_for_Cl0 = [-0.35 0 0.35] ;
aero_lt_beta_Cl0 = [0.01 0 -0.01] ;

aero_Cl_r = 0.005 ;
aero_Cl_del_r = 0.005 ;
aero_Cl_del_a = 0.2000 ;

% --------- Cm ---------

aero_lt_flap_for_Cm0 = [0 40]*pi/180 ;
aero_lt_flap_Cm0 = [0.04 -0.1] ;

aero_Cm_alpha = -4 ;
aero_Cm_del_e = -1.5000 ;
aero_Cm_q = -10 ;
aero_Cm_alpha_dot = -12 ;

% --------- Cn ---------

aero_Cn_r = -0.04 ;
aero_Cn_beta = 0.2 ;
aero_Cn_del_r = -0.5 ;
