%% ENGINE

max_thrust = 11339*9.8 ;
engine_number = 2 ;

engine_lt_M_for_Thrust = [0 0.2 0.4 0.6 0.8 1 1.2] ; % Mach list for Engine Thrust
engine_lt_h_for_Thrust = [-1 0 1 2 3 4 5]*10^4*0.3048 ; % [m] Altitude list for Engine Thrust

engine_lt_h_M_Thrust = [...
    1.2600  1.0000  0.7400  0.5340  0.3720  0.2410  0.1490 ;
    1.1710  0.9340  0.6970  0.5060  0.3550  0.2310  0.1430 ;
    1.1500  0.9210  0.6920  0.5060  0.3570  0.2330  0.1450 ;
    1.1810  0.9510  0.7210  0.5320  0.3780  0.2480  0.1540 ;
    1.2580  1.0200  0.7820  0.5820  0.4170  0.2750  0.1700 ;
    1.3690  1.1200  0.8710  0.6510  0.4750  0.3150  0.1950 ;
    0.0000  0.0000  0.0000  0.0000  0.0000  0.0000  0.0000 ;
    ] ; % [N] Engine thrust table

